305 12.203416 49.976156
307 12.283438 21.679326
308 12.323449 21.409807
321 12.843595 31.881188
322 12.883606 27.824118
324 12.963628 28.287774
325 13.003640 25.240139
328 13.123673 20.628213
329 13.163684 24.770457
330 13.203696 20.937788
331 13.243707 21.045231
332 13.283718 22.500087
354 14.163964 21.893013
381 15.244267 30.791127
1187 47.493293 61.412560
1388 55.535544 34.172953
1702 68.099061 36.471484
1703 68.139072 31.680028
1867 74.700909 68.606106
2761 110.470920 45.907345
2800 112.031357 47.153781
2939 117.592914 30.715077
3082 123.314515 34.539103
3083 123.354527 34.147109
3433 137.358446 61.970737
3650 146.040876 36.345142
3776 151.082287 33.479971
4167 166.726666 25.083940
4341 173.688615 70.801522
5209 208.418336 56.032942
5261 210.498918 24.554082
5797 231.944921 33.403568
6519 260.833006 34.828046
7183 287.400442 58.365031
7403 296.202906 21.282145
